551526	IT 334 1
551526	ENGL 135 3
551526	IT 306 3
551526	SOC 166 3
551526	MATH 270 3
551526	POLS 101 3
687251	ENGL 135 3
687251	HIST 368 3
687251	POLS 101 3
687251	IT 146 3
901480	SOC 166 3
901480	ENGL 135 3
901480	MUS 139 3
443462	IT 361 3
443462	ENGL 135 3
443462	ECE 104 4
443462	SOC 166 3
597393	MUS 139 3
597393	IT 179 3
597393	IT 361 3
597393	IT 306 3
597393	POLS 256 3
597393	ECE 104 4
526390	POLS 256 3
526390	ECE 104 4
526390	CS 181 3
581078	IT 288 3
581078	IT 306 3
581078	IT 361 3
581078	ENGL 135 3
581078	HIST 368 3
754841	IT 361 3
754841	IT 146 3
754841	IT 306 3
145937	IT 361 3
145937	POLS 101 3
145937	CS 181 3
711570	ENGL 135 3
711570	MATH 270 3
711570	IT 361 3
711570	POLS 256 3
711570	SOC 166 3
711570	IT 146 3
109707	ECE 104 4
109707	SOC 166 3
109707	IT 146 3
395568	IT 146 3
395568	MATH 270 3
395568	POLS 101 3
395568	CS 181 3
298455	ENGL 135 3
298455	IT 306 3
298455	POLS 101 3
298455	IT 361 3
664285	POLS 256 3
664285	IT 334 1
664285	POLS 101 3
664285	MATH 270 3
664285	IT 361 3
532356	IT 306 3
532356	IT 334 1
532356	IT 179 3
532356	POLS 256 3